2523 1339 4
1705 649 5
2027 722 0
1581 982 1
1385 650 4
386 849 2
2258 808 1
685 912 2
2552 1688 0
831 633 2
2388 761 0
2134 1214 6
1856 1663 2
1376 979 1
2326 1314 5
2527 1603 3
2494 1034 1
1546 649 3
727 1624 2
1032 1633 0
1354 1367 1
650 626 2
355 627 2
2319 1675 2
2042 1618 2
2061 943 2
1282 1652 2
814 1354 2
1044 1233 2
1731 1331 2
1001 586 3
646 1136 2
2129 1648 2
415 1541 2
1008 845 0
2219 1676 2
1947 1649 2
1022 660 3
477 1086 2
1099 654 2
520 607 3
1062 853 3
2273 1653 3
2089 1613 3
1911 1625 1
2002 1597 3
2179 1643 3
1554 785 0
1066 1023 0
1449 1635 2
2278 969 0
1327 1578 3
1816 1642 3
2634 1036 3
715 771 0
1065 941 1
1074 1560 2
1373 1139 1
1890 555 0
380 1390 3
101 587 0
790 669 3
2776 744 1
1032 1368 0
279 529 0
949 955 6
1331 1139 1
857 1486 5
